(0.0,0.2)(0.0,0.2)(0.0,0.2) -- 2000 simulations
(0.0,0.3)(0.0,0.3)(0.0,0.3) -- 2000 simulations
(0.0,0.4)(0.0,0.4)(0.0,0.4) -- error (6/100)
(0.0,0.4)(0.0,0.4)(0.0,0.3) -- error (152/2000)
(0.0,0.4)(0.0,0.4)(0.0,0.25) -- error (153/2000)
(0.0,0.4)(0.0,0.4)(0.0,0.2) -- error (154/2000)
(0.0,0.4)(0.0,0.4)(0.0,0.1) -- error (36/500)
(0.0,0.4)(0.0,0.4)(0.0,0.05) -- error (36/500)
(0.0,0.3)(0.0,0.3)(0.0,0.4) -- 100 simulations
(0.0,0.3)(0.0,0.3)(0.0,0.4) -- 500 simulations
(0.0,0.3)(0.0,0.3)(0.0,0.4) -- 2000 simulations
(0.0,0.3)(0.0,0.4)(0.0,0.4) -- error (3/100)
(0.0,0.3)(0.0,0.35)(0.0,0.4) -- 100 simulations
(0.0,0.3)(0.0,0.35)(0.0,0.4) -- 2000 simulations twice
(0.0,0.35)(0.0,0.35)(0.0,0.4) -- error (1/2000)
(0.0,0.4)(0.0,0.35)(0.0,0.3) -- error (6/500)
(0.0,0.3)(0.0,0.4)(0.0,0.3) -- error (14/500)
(0.0,0.3)(0.0,0.3)(0.0,0.5) -- 500 simulations
(0.0,0.3)(0.0,0.3)(0.0,0.5) -- 2000 simulations
(0.0,0.3)(0.0,0.3)(0.0,0.6) -- 2000 simulations
(0.0,0.3)(0.0,0.3)(0.0,0.7) -- 2000 simulations
(0.0,0.3)(0.0,0.3)(0.0,0.8) -- 2000 simulations
(0.0,0.3)(0.0,0.3)(0.0,5.0) -- error (19/100)
(0.0,0.3)(0.0,0.3)(0.0,2.0) -- 2000 simulations
(0.0,0.5)(0.0,0.5)(0.2,0.2) -- error (36/100)
(0.0,0.5)(0.0,0.5)(0.1,0.1) -- error (34/100)
(0.0,0.5)(0.0,0.5)(0.0,0.0) -- error (34/100)
(0.0,0.4)(0.0,0.4)(0.0,0.0) -- error (6/100)
(0.0,0.4)(0.0,0.4)(0.2,0.2) -- error (6/100)
(0.0,0.3)(0.0,0.3)(0.2,0.2) -- 100 simulations
(0.0,0.3)(0.0,0.3)(0.2,0.2) -- 2000 simulations
(0.0,0.35)(0.0,0.35)(0.2,0.2) -- 100 simulations
(0.0,0.35)(0.0,0.35)(0.2,0.2) -- error (1/2000)
(0.0,0.4)(0.0,0.3)(0.0,0.2) -- 100 simulations
(0.0,0.4)(0.0,0.3)(0.0,0.2) -- error (6/3000)
(0.0,0.4)(0.0,0.2)(0.0,0.2) -- 3000 simulations
(0.0,0.3)(0.0,0.3)(0.0,0.3) -- 3000 simulations