   0.0000000e+00   8.0000000e+01   0.0000000e+00   1.0000000e+03   7.6215900e+01
   5.0000000e-02   8.0000000e+01   0.0000000e+00   1.0000000e+03   7.6399179e+01
   1.0000000e-01   8.0000000e+01   1.4406035e-01   1.0000000e+03   7.7112451e+01
   1.5000000e-01   8.0000000e+01   1.2870284e+00   1.0000000e+03   7.8261268e+01
   2.0000000e-01   8.0000000e+01   2.5967558e+00   1.0000000e+03   7.9573705e+01
   2.5000000e-01   8.0000000e+01   3.7532853e+00   1.0000000e+03   8.0729799e+01
   3.0000000e-01   8.0000000e+01   4.5003606e+00   1.0000000e+03   8.1474022e+01
   3.5000000e-01   8.0000000e+01   4.7143937e+00   1.0000000e+03   8.1683999e+01
   4.0000000e-01   8.0000000e+01   4.4320893e+00   1.0000000e+03   8.1397755e+01
   4.5000000e-01   8.0000000e+01   3.8189537e+00   1.0000000e+03   8.0781850e+01
   5.0000000e-01   8.0000000e+01   3.0952280e+00   1.0000000e+03   8.0057078e+01
   5.5000000e-01   8.0000000e+01   2.4600389e+00   1.0000000e+03   7.9422577e+01
   6.0000000e-01   8.0000000e+01   2.0446741e+00   1.0000000e+03   7.9009230e+01
   6.5000000e-01   8.0000000e+01   1.8997639e+00   1.0000000e+03   7.8867033e+01
   7.0000000e-01   8.0000000e+01   2.0050187e+00   1.0000000e+03   7.8975032e+01
   7.5000000e-01   8.0000000e+01   2.2894434e+00   1.0000000e+03   7.9261689e+01
   8.0000000e-01   8.0000000e+01   2.6553525e+00   1.0000000e+03   7.9628992e+01
   8.5000000e-01   8.0000000e+01   3.0031021e+00   1.0000000e+03   7.9977221e+01
   9.0000000e-01   8.0000000e+01   3.2535291e+00   1.0000000e+03   8.0227367e+01
   9.5000000e-01   8.0000000e+01   3.3638130e+00   1.0000000e+03   8.0336915e+01
   1.0000000e+00   8.0000000e+01   3.3327077e+00   1.0000000e+03   8.0304980e+01
   1.0500000e+00   8.0000000e+01   3.1940517e+00   1.0000000e+03   8.0165719e+01
   1.1000000e+00   8.0000000e+01   3.0017433e+00   1.0000000e+03   7.9973232e+01
   1.1500000e+00   8.0000000e+01   2.8121728e+00   1.0000000e+03   7.9783971e+01
   1.2000000e+00   8.0000000e+01   2.6698094e+00   1.0000000e+03   7.9642338e+01
   1.2500000e+00   8.0000000e+01   2.5990868e+00   1.0000000e+03   7.9572613e+01
   1.3000000e+00   8.0000000e+01   2.6029038e+00   1.0000000e+03   7.9577507e+01
   1.3500000e+00   8.0000000e+01   2.6663061e+00   1.0000000e+03   7.9641895e+01
   1.4000000e+00   8.0000000e+01   2.7633132e+00   1.0000000e+03   7.9739680e+01
   1.4500000e+00   8.0000000e+01   2.8648704e+00   1.0000000e+03   7.9841758e+01
   1.5000000e+00   8.0000000e+01   2.9461152e+00   1.0000000e+03   7.9923290e+01
   1.5500000e+00   8.0000000e+01   2.9914942e+00   1.0000000e+03   7.9968796e+01
   1.6000000e+00   8.0000000e+01   2.9968436e+00   1.0000000e+03   7.9974208e+01
   1.6500000e+00   8.0000000e+01   2.9683538e+00   1.0000000e+03   7.9945813e+01
   1.7000000e+00   8.0000000e+01   2.9191656e+00   1.0000000e+03   7.9896819e+01
   1.7500000e+00   8.0000000e+01   2.8648821e+00   1.0000000e+03   7.9842861e+01
   1.8000000e+00   8.0000000e+01   2.8193458e+00   1.0000000e+03   7.9797777e+01
   1.8500000e+00   8.0000000e+01   2.7916817e+00   1.0000000e+03   7.9770657e+01
   1.9000000e+00   8.0000000e+01   2.7850548e+00   1.0000000e+03   7.9764615e+01
   1.9500000e+00   8.0000000e+01   2.7970719e+00   1.0000000e+03   7.9777208e+01
   2.0000000e+00   8.0000000e+01   2.8213977e+00   1.0000000e+03   7.9802062e+01
   2.0500000e+00   8.0000000e+01   2.8499769e+00   1.0000000e+03   7.9831099e+01
   2.1000000e+00   8.0000000e+01   2.8752466e+00   1.0000000e+03   7.9856758e+01
   2.1500000e+00   8.0000000e+01   2.8918309e+00   1.0000000e+03   7.9873677e+01
   2.2000000e+00   8.0000000e+01   2.8974136e+00   1.0000000e+03   7.9879566e+01
   2.2500000e+00   8.0000000e+01   2.8927243e+00   1.0000000e+03   7.9875181e+01
   2.3000000e+00   8.0000000e+01   2.8807981e+00   1.0000000e+03   7.9863580e+01
   2.3500000e+00   8.0000000e+01   2.8658203e+00   1.0000000e+03   7.9848962e+01
   2.4000000e+00   8.0000000e+01   2.8519132e+00   1.0000000e+03   7.9835450e+01
   2.4500000e+00   8.0000000e+01   2.8421686e+00   1.0000000e+03   7.9826129e+01
   2.5000000e+00   8.0000000e+01   2.8381097e+00   1.0000000e+03   7.9822511e+01
   2.5500000e+00   8.0000000e+01   2.8396278e+00   1.0000000e+03   7.9824471e+01
   2.6000000e+00   8.0000000e+01   2.8453148e+00   1.0000000e+03   7.9830590e+01
   2.6500000e+00   8.0000000e+01   2.8530398e+00   1.0000000e+03   7.9838729e+01
   2.7000000e+00   8.0000000e+01   2.8605880e+00   1.0000000e+03   7.9846670e+01
   2.7500000e+00   8.0000000e+01   2.8662005e+00   1.0000000e+03   7.9852658e+01
   2.8000000e+00   8.0000000e+01   2.8689061e+00   1.0000000e+03   7.9855727e+01
   2.8500000e+00   8.0000000e+01   2.8686045e+00   1.0000000e+03   7.9855786e+01
   2.9000000e+00   8.0000000e+01   2.8659277e+00   1.0000000e+03   7.9853472e+01
   2.9500000e+00   8.0000000e+01   2.8619526e+00   1.0000000e+03   7.9849867e+01
   3.0000000e+00   8.0000000e+01   2.8578622e+00   1.0000000e+03   7.9846157e+01
   3.0500000e+00   8.0000000e+01   2.8546447e+00   1.0000000e+03   7.9843328e+01
   3.1000000e+00   8.0000000e+01   2.8528959e+00   1.0000000e+03   7.9841973e+01
   3.1500000e+00   8.0000000e+01   2.8527518e+00   1.0000000e+03   7.9842224e+01
   3.2000000e+00   8.0000000e+01   2.8539430e+00   1.0000000e+03   7.9843808e+01
   3.2500000e+00   8.0000000e+01   2.8559337e+00   1.0000000e+03   7.9846186e+01
   3.3000000e+00   8.0000000e+01   2.8580996e+00   1.0000000e+03   7.9848733e+01
   3.3500000e+00   8.0000000e+01   2.8598913e+00   1.0000000e+03   7.9850900e+01
   3.4000000e+00   8.0000000e+01   2.8609513e+00   1.0000000e+03   7.9852331e+01
   3.4500000e+00   8.0000000e+01   2.8611624e+00   1.0000000e+03   7.9852910e+01
   3.5000000e+00   8.0000000e+01   2.8606308e+00   1.0000000e+03   7.9852747e+01
   3.5500000e+00   8.0000000e+01   2.8596186e+00   1.0000000e+03   7.9852103e+01
   3.6000000e+00   8.0000000e+01   2.8584530e+00   1.0000000e+03   7.9851308e+01
   3.6500000e+00   8.0000000e+01   2.8574361e+00   1.0000000e+03   7.9850664e+01
   3.7000000e+00   8.0000000e+01   2.8567783e+00   1.0000000e+03   7.9850380e+01
   3.7500000e+00   8.0000000e+01   2.8565651e+00   1.0000000e+03   7.9850541e+01
   3.8000000e+00   8.0000000e+01   2.8567610e+00   1.0000000e+03   7.9851110e+01
   3.8500000e+00   8.0000000e+01   2.8572398e+00   1.0000000e+03   7.9851960e+01
   3.9000000e+00   8.0000000e+01   2.8578323e+00   1.0000000e+03   7.9852921e+01
   3.9500000e+00   8.0000000e+01   2.8583737e+00   1.0000000e+03   7.9853829e+01
   4.0000000e+00   8.0000000e+01   2.8587424e+00   1.0000000e+03   7.9854562e+01
   4.0500000e+00   8.0000000e+01   2.8588805e+00   1.0000000e+03   7.9855063e+01
   4.1000000e+00   8.0000000e+01   2.8587955e+00   1.0000000e+03   7.9855340e+01
   4.1500000e+00   8.0000000e+01   2.8585466e+00   1.0000000e+03   7.9855453e+01
   4.2000000e+00   8.0000000e+01   2.8582207e+00   1.0000000e+03   7.9855488e+01
   4.2500000e+00   8.0000000e+01   2.8579065e+00   1.0000000e+03   7.9855535e+01
   4.3000000e+00   8.0000000e+01   2.8576736e+00   1.0000000e+03   7.9855663e+01
   4.3500000e+00   8.0000000e+01   2.8575591e+00   1.0000000e+03   7.9855909e+01
   4.4000000e+00   8.0000000e+01   2.8575651e+00   1.0000000e+03   7.9856275e+01
   4.4500000e+00   8.0000000e+01   2.8576649e+00   1.0000000e+03   7.9856734e+01
   4.5000000e+00   8.0000000e+01   2.8578143e+00   1.0000000e+03   7.9857241e+01
   4.5500000e+00   8.0000000e+01   2.8579658e+00   1.0000000e+03   7.9857749e+01
   4.6000000e+00   8.0000000e+01   2.8580804e+00   1.0000000e+03   7.9858218e+01
   4.6500000e+00   8.0000000e+01   2.8581350e+00   1.0000000e+03   7.9858627e+01
   4.7000000e+00   8.0000000e+01   2.8581250e+00   1.0000000e+03   7.9858970e+01
   4.7500000e+00   8.0000000e+01   2.8580623e+00   1.0000000e+03   7.9859259e+01
   4.8000000e+00   8.0000000e+01   2.8579687e+00   1.0000000e+03   7.9859517e+01
   4.8500000e+00   8.0000000e+01   2.8578695e+00   1.0000000e+03   7.9859769e+01
   4.9000000e+00   8.0000000e+01   2.8577865e+00   1.0000000e+03   7.9860036e+01
   4.9500000e+00   8.0000000e+01   2.8577336e+00   1.0000000e+03   7.9860333e+01
   5.0000000e+00   8.0000000e+01   2.8577149e+00   1.0000000e+03   7.9860663e+01
   5.0500000e+00   8.0000000e+01   2.8577258e+00   1.0000000e+03   7.9861022e+01
   5.1000000e+00   8.0000000e+01   2.8577553e+00   1.0000000e+03   7.9861398e+01
   5.1500000e+00   8.0000000e+01   2.8577903e+00   1.0000000e+03   7.9861779e+01
   5.2000000e+00   8.0000000e+01   2.8578187e+00   1.0000000e+03   7.9862153e+01
   5.2500000e+00   8.0000000e+01   2.8578324e+00   1.0000000e+03   7.9862510e+01
   5.3000000e+00   8.0000000e+01   2.8578280e+00   1.0000000e+03   7.9862849e+01
   5.3500000e+00   8.0000000e+01   2.8578074e+00   1.0000000e+03   7.9863171e+01
   5.4000000e+00   8.0000000e+01   2.8577758e+00   1.0000000e+03   7.9863481e+01
   5.4500000e+00   8.0000000e+01   2.8577400e+00   1.0000000e+03   7.9863786e+01
   5.5000000e+00   8.0000000e+01   2.8577067e+00   1.0000000e+03   7.9864093e+01
   5.5500000e+00   8.0000000e+01   2.8576806e+00   1.0000000e+03   7.9864406e+01
   5.6000000e+00   8.0000000e+01   2.8576638e+00   1.0000000e+03   7.9864728e+01
   5.6500000e+00   8.0000000e+01   2.8576560e+00   1.0000000e+03   7.9865058e+01
   5.7000000e+00   8.0000000e+01   2.8576547e+00   1.0000000e+03   7.9865394e+01
   5.7500000e+00   8.0000000e+01   2.8576563e+00   1.0000000e+03   7.9865732e+01
   5.8000000e+00   8.0000000e+01   2.8576572e+00   1.0000000e+03   7.9866068e+01
   5.8500000e+00   8.0000000e+01   2.8576548e+00   1.0000000e+03   7.9866400e+01
   5.9000000e+00   8.0000000e+01   2.8576475e+00   1.0000000e+03   7.9866726e+01
   5.9500000e+00   8.0000000e+01   2.8576355e+00   1.0000000e+03   7.9867047e+01
   6.0000000e+00   8.0000000e+01   2.8576198e+00   1.0000000e+03   7.9867363e+01
   6.0500000e+00   8.0000000e+01   2.8576022e+00   1.0000000e+03   7.9867677e+01
   6.1000000e+00   8.0000000e+01   2.8575847e+00   1.0000000e+03   7.9867990e+01
   6.1500000e+00   8.0000000e+01   2.8575688e+00   1.0000000e+03   7.9868303e+01
   6.2000000e+00   8.0000000e+01   2.8575554e+00   1.0000000e+03   7.9868619e+01
   6.2500000e+00   8.0000000e+01   2.8575446e+00   1.0000000e+03   7.9868936e+01
   6.3000000e+00   8.0000000e+01   2.8575359e+00   1.0000000e+03   7.9869255e+01
   6.3500000e+00   8.0000000e+01   2.8575284e+00   1.0000000e+03   7.9869574e+01
   6.4000000e+00   8.0000000e+01   2.8575211e+00   1.0000000e+03   7.9869892e+01
   6.4500000e+00   8.0000000e+01   2.8575131e+00   1.0000000e+03   7.9870209e+01
   6.5000000e+00   8.0000000e+01   2.8575039e+00   1.0000000e+03   7.9870524e+01
   6.5500000e+00   8.0000000e+01   2.8574934e+00   1.0000000e+03   7.9870837e+01
   6.6000000e+00   8.0000000e+01   2.8574818e+00   1.0000000e+03   7.9871147e+01
   6.6500000e+00   8.0000000e+01   2.8574694e+00   1.0000000e+03   7.9871457e+01
   6.7000000e+00   8.0000000e+01   2.8574569e+00   1.0000000e+03   7.9871765e+01
   6.7500000e+00   8.0000000e+01   2.8574447e+00   1.0000000e+03   7.9872073e+01
   6.8000000e+00   8.0000000e+01   2.8574331e+00   1.0000000e+03   7.9872381e+01
   6.8500000e+00   8.0000000e+01   2.8574223e+00   1.0000000e+03   7.9872689e+01
   6.9000000e+00   8.0000000e+01   2.8574121e+00   1.0000000e+03   7.9872997e+01
   6.9500000e+00   8.0000000e+01   2.8574024e+00   1.0000000e+03   7.9873304e+01
   7.0000000e+00   8.0000000e+01   2.8573929e+00   1.0000000e+03   7.9873611e+01
   7.0500000e+00   8.0000000e+01   7.3179278e+00   1.0951626e+03   8.4329968e+01
   7.1000000e+00   8.0000000e+01   1.0000000e+01   1.1812692e+03   8.9630376e+01
   7.1500000e+00   8.0000000e+01   1.0000000e+01   1.2591818e+03   9.2915586e+01
   7.2000000e+00   8.0000000e+01   1.0000000e+01   1.3296800e+03   9.4303486e+01
   7.2500000e+00   8.0000000e+01   1.0000000e+01   1.3934693e+03   9.4310352e+01
   7.3000000e+00   8.0000000e+01   1.0000000e+01   1.4511884e+03   9.3387377e+01
   7.3500000e+00   8.0000000e+01   1.0000000e+01   1.5034147e+03   9.1883631e+01
   7.4000000e+00   8.0000000e+01   1.0000000e+01   1.5506710e+03   9.0049996e+01
   7.4500000e+00   8.0000000e+01   9.6749914e+00   1.5934303e+03   8.8058547e+01
   7.5000000e+00   8.0000000e+01   7.6920492e+00   1.6321206e+03   8.6058005e+01
   7.5500000e+00   8.0000000e+01   6.0280915e+00   1.6671289e+03   8.4381150e+01
   7.6000000e+00   8.0000000e+01   4.8001830e+00   1.6988058e+03   8.3143971e+01
   7.6500000e+00   8.0000000e+01   8.4340439e-01   1.6323056e+03   7.9183798e+01
   7.7000000e+00   8.0000000e+01   0.0000000e+00   1.5721338e+03   7.5538729e+01
   7.7500000e+00   8.0000000e+01   0.0000000e+00   1.5176881e+03   7.3056316e+01
   7.8000000e+00   8.0000000e+01   0.0000000e+00   1.4684235e+03   7.1383523e+01
   7.8500000e+00   8.0000000e+01   0.0000000e+00   1.4238471e+03   7.0419874e+01
   7.9000000e+00   8.0000000e+01   0.0000000e+00   1.3835127e+03   6.9899484e+01
   7.9500000e+00   8.0000000e+01   0.0000000e+00   1.3470167e+03   6.9782589e+01
   8.0000000e+00   8.0000000e+01   0.0000000e+00   1.3139937e+03   6.9973824e+01
   8.0500000e+00   8.0000000e+01   0.0000000e+00   1.2891127e+03   7.0641251e+01
   8.1000000e+00   8.0000000e+01   0.0000000e+00   1.2670721e+03   7.1628389e+01
   8.1500000e+00   8.0000000e+01   0.0000000e+00   1.2475982e+03   7.2879943e+01
   8.2000000e+00   8.0000000e+01   0.0000000e+00   1.2304429e+03   7.4202393e+01
   8.2500000e+00   8.0000000e+01   5.6208340e-02   1.2153817e+03   7.5779998e+01
   8.3000000e+00   8.0000000e+01   1.7625442e+00   1.2022110e+03   7.7494787e+01
   8.3500000e+00   8.0000000e+01   3.4276485e+00   1.1907463e+03   7.9164069e+01
   8.4000000e+00   8.0000000e+01   4.7195818e+00   1.1808203e+03   8.0456453e+01
   8.4500000e+00   8.0000000e+01   5.3985700e+00   1.1722816e+03   8.1133363e+01
   8.5000000e+00   8.0000000e+01   5.4562741e+00   1.1649926e+03   8.1188047e+01
   8.5500000e+00   8.0000000e+01   5.0013701e+00   1.1588288e+03   8.0730656e+01
   8.6000000e+00   8.0000000e+01   4.2385209e+00   1.1536771e+03   7.9966897e+01
   8.6500000e+00   8.0000000e+01   3.4095799e+00   1.1494350e+03   7.9139083e+01
   8.7000000e+00   8.0000000e+01   2.7118491e+00   1.1460095e+03   7.8444416e+01
   8.7500000e+00   8.0000000e+01   2.2650073e+00   1.1433160e+03   7.8002076e+01
   8.8000000e+00   8.0000000e+01   2.1090183e+00   1.1412779e+03   7.7851330e+01
   8.8500000e+00   8.0000000e+01   2.2185719e+00   1.1398256e+03   7.7966157e+01
   8.9000000e+00   8.0000000e+01   2.5231670e+00   1.1388959e+03   7.8275476e+01
   8.9500000e+00   8.0000000e+01   2.9282547e+00   1.1384313e+03   7.8684366e+01
   9.0000000e+00   8.0000000e+01   3.3361381e+00   1.1383795e+03   7.9095006e+01
   9.0500000e+00   8.0000000e+01   3.6651687e+00   1.1386931e+03   7.9425852e+01
   9.1000000e+00   8.0000000e+01   3.8642759e+00   1.1393289e+03   7.9626101e+01
   9.1500000e+00   8.0000000e+01   3.9194445e+00   1.1402476e+03   7.9682090e+01
   9.2000000e+00   8.0000000e+01   3.8505851e+00   1.1414134e+03   7.9614070e+01
   9.2500000e+00   8.0000000e+01   3.7005200e+00   1.1427936e+03   7.9465124e+01
   9.3000000e+00   8.0000000e+01   3.5204311e+00   1.1443587e+03   7.9286570e+01
   9.3500000e+00   8.0000000e+01   3.3565420e+00   1.1460816e+03   7.9124646e+01
   9.4000000e+00   8.0000000e+01   3.2412025e+00   1.1479375e+03   7.9011616e+01
   9.4500000e+00   8.0000000e+01   3.1892840e+00   1.1499040e+03   7.8962205e+01
   9.5000000e+00   8.0000000e+01   3.1991202e+00   1.1519606e+03   7.8974586e+01
   9.5500000e+00   8.0000000e+01   3.2565095e+00   1.1540884e+03   7.9034419e+01
   9.6000000e+00   8.0000000e+01   3.3402357e+00   1.1562703e+03   7.9120392e+01
   9.6500000e+00   8.0000000e+01   3.4277759e+00   1.1584906e+03   7.9209946e+01
   9.7000000e+00   8.0000000e+01   3.5201032e+00   1.1607351e+03   7.9304083e+01
   9.7500000e+00   8.0000000e+01   3.5838803e+00   1.1629905e+03   7.9369504e+01
   9.8000000e+00   8.0000000e+01   3.6011694e+00   1.1652449e+03   7.9388334e+01
   9.8500000e+00   8.0000000e+01   3.5902077e+00   1.1674872e+03   7.9378898e+01
   9.9000000e+00   8.0000000e+01   3.5589951e+00   1.1697074e+03   7.9349256e+01
   9.9500000e+00   8.0000000e+01   3.5177990e+00   1.1718962e+03   7.9309711e+01
   1.0000000e+01   8.0000000e+01   3.4764807e+00   1.1740452e+03   7.9270137e+01
   1.0050000e+01   8.0000000e+01   3.4424910e+00   1.1761466e+03   7.9237971e+01
   1.0100000e+01   8.0000000e+01   3.4198071e+00   1.1781932e+03   7.9217164e+01
   1.0150000e+01   8.0000000e+01   3.4088072e+00   1.1801785e+03   7.9208061e+01
   1.0200000e+01   8.0000000e+01   3.4308722e+00   1.1820965e+03   7.9232031e+01
   1.0250000e+01   8.0000000e+01   3.4594966e+00   1.1839417e+03   7.9262529e+01
   1.0300000e+01   8.0000000e+01   3.4727108e+00   1.1857090e+03   7.9277562e+01
   1.0350000e+01   8.0000000e+01   3.4832014e+00   1.1873938e+03   7.9289829e+01
   1.0400000e+01   8.0000000e+01   3.4878063e+00   1.1889919e+03   7.9296177e+01
   1.0450000e+01   8.0000000e+01   3.4848745e+00   1.1904993e+03   7.9294971e+01
   1.0500000e+01   8.0000000e+01   3.4741981e+00   1.1919126e+03   7.9286018e+01
   1.0550000e+01   8.0000000e+01   3.4566357e+00   1.1932284e+03   7.9270191e+01
   1.0600000e+01   8.0000000e+01   3.4335591e+00   1.1944438e+03   7.9248872e+01
   1.0650000e+01   8.0000000e+01   3.4455785e+00   1.1955561e+03   7.9262704e+01
   1.0700000e+01   8.0000000e+01   3.4457127e+00   1.1965628e+03   7.9264670e+01
   1.0750000e+01   8.0000000e+01   3.4319571e+00   1.1974618e+03   7.9252760e+01
   1.0800000e+01   8.0000000e+01   3.4196934e+00   1.1982511e+03   7.9242361e+01
   1.0850000e+01   8.0000000e+01   3.4084282e+00   1.1989287e+03   7.9232974e+01
   1.0900000e+01   8.0000000e+01   3.3971055e+00   1.1994932e+03   7.9223537e+01
   1.0950000e+01   8.0000000e+01   3.3843104e+00   1.1999432e+03   7.9212632e+01
   1.1000000e+01   8.0000000e+01   3.3684606e+00   1.2002773e+03   7.9198677e+01
   1.1050000e+01   8.0000000e+01   3.3872294e+00   1.2004946e+03   7.9219374e+01
   1.1100000e+01   8.0000000e+01   3.3939603e+00   1.2005940e+03   7.9228036e+01
   1.1150000e+01   8.0000000e+01   3.3824514e+00   1.2005748e+03   7.9218460e+01
   1.1200000e+01   8.0000000e+01   3.3685882e+00   1.2004364e+03   7.9206549e+01
   1.1250000e+01   8.0000000e+01   3.3524184e+00   1.2001783e+03   7.9192351e+01
   1.1300000e+01   8.0000000e+01   3.3339839e+00   1.1998002e+03   7.9175910e+01
   1.1350000e+01   8.0000000e+01   3.3131993e+00   1.1993016e+03   7.9157143e+01
   1.1400000e+01   8.0000000e+01   3.2897519e+00   1.1986827e+03   7.9135735e+01
   1.1450000e+01   8.0000000e+01   3.3040051e+00   1.1979433e+03   7.9152080e+01
   1.1500000e+01   8.0000000e+01   3.3058180e+00   1.1970835e+03   7.9155998e+01
   1.1550000e+01   8.0000000e+01   3.2917426e+00   1.1961036e+03   7.9144040e+01
   1.1600000e+01   8.0000000e+01   3.2768618e+00   1.1950039e+03   7.9131297e+01
   1.1650000e+01   8.0000000e+01   3.2607854e+00   1.1937849e+03   7.9117381e+01
   1.1700000e+01   8.0000000e+01   3.2431016e+00   1.1924470e+03   7.9101880e+01
   1.1750000e+01   8.0000000e+01   3.2234060e+00   1.1909908e+03   7.9084390e+01
   1.1800000e+01   8.0000000e+01   3.2013148e+00   1.1894172e+03   7.9064527e+01
   1.1850000e+01   8.0000000e+01   3.2096336e+00   1.1877268e+03   7.9075124e+01
   1.1900000e+01   8.0000000e+01   3.2103519e+00   1.1859206e+03   7.9078141e+01
   1.1950000e+01   8.0000000e+01   3.1941391e+00   1.1839996e+03   7.9064244e+01
   1.2000000e+01   8.0000000e+01   3.1771465e+00   1.1819648e+03   7.9049595e+01
   1.2050000e+01   8.0000000e+01   3.1593874e+00   1.1798174e+03   7.9034208e+01
   1.2100000e+01   8.0000000e+01   3.1408581e+00   1.1775587e+03   7.9018080e+01
   1.2150000e+01   8.0000000e+01   3.1215383e+00   1.1751899e+03   7.9001190e+01
   1.2200000e+01   8.0000000e+01   3.1013996e+00   1.1727125e+03   7.8983510e+01
   1.2250000e+01   8.0000000e+01   3.0804197e+00   1.1701278e+03   7.8965018e+01
   1.2300000e+01   8.0000000e+01   3.0835496e+00   1.1674376e+03   7.8970683e+01
   1.2350000e+01   8.0000000e+01   3.0829657e+00   1.1646433e+03   7.8972661e+01
   1.2400000e+01   8.0000000e+01   3.0662094e+00   1.1617466e+03   7.8958486e+01
   1.2450000e+01   8.0000000e+01   3.0490912e+00   1.1587494e+03   7.8943979e+01
   1.2500000e+01   8.0000000e+01   3.0316508e+00   1.1556534e+03   7.8929180e+01
   1.2550000e+01   8.0000000e+01   3.0139544e+00   1.1524605e+03   7.8914156e+01
   1.2600000e+01   8.0000000e+01   2.9960896e+00   1.1491728e+03   7.8898995e+01
   1.2650000e+01   8.0000000e+01   2.9781592e+00   1.1457921e+03   7.8883801e+01
   1.2700000e+01   8.0000000e+01   2.9602730e+00   1.1423206e+03   7.8868682e+01
   1.2750000e+01   8.0000000e+01   2.9425396e+00   1.1387605e+03   7.8853748e+01
   1.2800000e+01   8.0000000e+01   2.9250597e+00   1.1351139e+03   7.8839099e+01
   1.2850000e+01   8.0000000e+01   2.9079191e+00   1.1313831e+03   7.8824821e+01
   1.2900000e+01   8.0000000e+01   2.8911850e+00   1.1275704e+03   7.8810983e+01
   1.2950000e+01   8.0000000e+01   2.8749023e+00   1.1236781e+03   7.8797627e+01
   1.3000000e+01   8.0000000e+01   2.8590928e+00   1.1197087e+03   7.8784776e+01
   1.3050000e+01   8.0000000e+01   7.0360881e+00   1.2108272e+03   8.2960529e+01
   1.3100000e+01   8.0000000e+01   1.0000000e+01   1.2928177e+03   8.7758693e+01
   1.3150000e+01   8.0000000e+01   1.0000000e+01   1.3665444e+03   9.0778109e+01
   1.3200000e+01   8.0000000e+01   1.0000000e+01   1.4327898e+03   9.2121919e+01
   1.3250000e+01   8.0000000e+01   1.0000000e+01   1.4922620e+03   9.2221385e+01
   1.3300000e+01   8.0000000e+01   1.0000000e+01   1.5456023e+03   9.1449025e+01
   1.3350000e+01   8.0000000e+01   1.0000000e+01   1.5933909e+03   9.0153682e+01
   1.3400000e+01   8.0000000e+01   1.0000000e+01   1.6361534e+03   8.8549631e+01
   1.3450000e+01   8.0000000e+01   9.6377167e+00   1.6743655e+03   8.6725887e+01
   1.3500000e+01   8.0000000e+01   7.7979373e+00   1.7084580e+03   8.4871676e+01
   1.3550000e+01   8.0000000e+01   6.1885538e+00   1.7388210e+03   8.3252253e+01
   1.3600000e+01   8.0000000e+01   4.9981079e+00   1.7658077e+03   8.2055294e+01
   1.3650000e+01   8.0000000e+01   1.0986289e+00   1.6945756e+03   7.8155101e+01
   1.3700000e+01   8.0000000e+01   0.0000000e+00   1.6296329e+03   7.4570479e+01
   1.3750000e+01   8.0000000e+01   0.0000000e+00   1.5703804e+03   7.2104278e+01
   1.3800000e+01   8.0000000e+01   0.0000000e+00   1.5162763e+03   7.0402164e+01
   1.3850000e+01   8.0000000e+01   0.0000000e+00   1.4668304e+03   6.9309653e+01
   1.3900000e+01   8.0000000e+01   0.0000000e+00   1.4215996e+03   6.8672044e+01
   1.3950000e+01   8.0000000e+01   0.0000000e+00   1.3801834e+03   6.8408847e+01
   1.4000000e+01   8.0000000e+01   0.0000000e+00   1.3422196e+03   6.8487727e+01
   1.4050000e+01   8.0000000e+01   0.0000000e+00   1.3073807e+03   6.8700548e+01
   1.4100000e+01   8.0000000e+01   0.0000000e+00   1.2753708e+03   6.9190018e+01
   1.4150000e+01   8.0000000e+01   0.0000000e+00   1.2459224e+03   6.9850280e+01
   1.4200000e+01   8.0000000e+01   0.0000000e+00   1.2187937e+03   7.0695437e+01
   1.4250000e+01   8.0000000e+01   0.0000000e+00   1.1937663e+03   7.1702537e+01
   1.4300000e+01   8.0000000e+01   0.0000000e+00   1.1706430e+03   7.2861067e+01
   1.4350000e+01   8.0000000e+01   0.0000000e+00   1.1492454e+03   7.4072924e+01
   1.4400000e+01   8.0000000e+01   1.2930453e+00   1.1294125e+03   7.5394739e+01
   1.4450000e+01   8.0000000e+01   2.5762928e+00   1.1109990e+03   7.6687867e+01
   1.4500000e+01   8.0000000e+01   3.5675340e+00   1.0938735e+03   7.7686098e+01
   1.4550000e+01   8.0000000e+01   4.1048862e+00   1.0779177e+03   7.8228499e+01
   1.4600000e+01   8.0000000e+01   4.1444328e+00   1.0630245e+03   7.8272362e+01
   1.4650000e+01   8.0000000e+01   3.7646604e+00   1.0490976e+03   7.7897339e+01
   1.4700000e+01   8.0000000e+01   3.1296974e+00   1.0360500e+03   7.7268410e+01
   1.4750000e+01   8.0000000e+01   2.4305223e+00   1.0238031e+03   7.6576953e+01
   1.4800000e+01   8.0000000e+01   1.8317405e+00   1.0122864e+03   7.5987514e+01
   1.4850000e+01   8.0000000e+01   1.4407603e+00   1.0014361e+03   7.5607101e+01
   1.4900000e+01   8.0000000e+01   1.2998821e+00   9.9119482e+02   7.5477427e+01
   1.4950000e+01   8.0000000e+01   1.3933097e+00   9.8151096e+02   7.5582080e+01
   1.5000000e+01   8.0000000e+01   1.6615454e+00   9.7233804e+02   7.5861044e+01
   1.5050000e+01   8.0000000e+01   2.0189396e+00   9.6363426e+02   7.6228340e+01
   1.5100000e+01   8.0000000e+01   2.3745814e+00   9.5536207e+02   7.6592950e+01
   1.5150000e+01   8.0000000e+01   2.6503124e+00   9.4748773e+02   7.6876824e+01
   1.5200000e+01   8.0000000e+01   2.7965256e+00   9.3998095e+02   7.7030628e+01
   1.5250000e+01   8.0000000e+01   2.8013067e+00   9.3281457e+02   7.7042792e+01
   1.5300000e+01   8.0000000e+01   2.6879117e+00   9.2596425e+02   7.6936905e+01
   1.5350000e+01   8.0000000e+01   2.5037405e+00   9.1940818e+02   7.6760606e+01
   1.5400000e+01   8.0000000e+01   2.3046359e+00   9.1312686e+02   7.6569843e+01
   1.5450000e+01   8.0000000e+01   2.1396448e+00   9.0710288e+02   7.6413636e+01
   1.5500000e+01   8.0000000e+01   2.0414057e+00   9.0132066e+02   7.6324492e+01
   1.5550000e+01   8.0000000e+01   2.0214365e+00   8.9576634e+02   7.6313743e+01
   1.5600000e+01   8.0000000e+01   2.0702271e+00   8.9042758e+02   7.6371691e+01
   1.5650000e+01   8.0000000e+01   2.1648930e+00   8.8529339e+02   7.6475307e+01
   1.5700000e+01   8.0000000e+01   2.2752710e+00   8.8035403e+02   7.6594349e+01
   1.5750000e+01   8.0000000e+01   2.3729714e+00   8.7560088e+02   7.6700427e+01
   1.5800000e+01   8.0000000e+01   2.4355164e+00   8.7102630e+02   7.6771126e+01
   1.5850000e+01   8.0000000e+01   2.4532558e+00   8.6662355e+02   7.6796898e+01
   1.5900000e+01   8.0000000e+01   2.4302358e+00   8.6238670e+02   7.6781899e+01
   1.5950000e+01   8.0000000e+01   2.3783909e+00   8.5831055e+02   7.6738152e+01
   1.6000000e+01   8.0000000e+01   2.3163644e+00   8.5439053e+02   7.6684349e+01
   1.6050000e+01   8.0000000e+01   2.2602654e+00   8.5062267e+02   7.6636604e+01
   1.6100000e+01   8.0000000e+01   2.2245684e+00   8.4700349e+02   7.6609356e+01
   1.6150000e+01   8.0000000e+01   2.2142649e+00   8.4353001e+02   7.6607539e+01
   1.6200000e+01   8.0000000e+01   2.2277677e+00   8.4019961e+02   7.6629502e+01
   1.6250000e+01   8.0000000e+01   2.2592780e+00   8.3701007e+02   7.6669393e+01
   1.6300000e+01   8.0000000e+01   2.2973006e+00   8.3395949e+02   7.6715686e+01
   1.6350000e+01   8.0000000e+01   2.3332570e+00   8.3104624e+02   7.6759798e+01
   1.6400000e+01   8.0000000e+01   2.3579048e+00   8.2826895e+02   7.6792505e+01
   1.6450000e+01   8.0000000e+01   2.3675649e+00   8.2562646e+02   7.6810161e+01
   1.6500000e+01   8.0000000e+01   2.3631685e+00   8.2311781e+02   7.6813734e+01
   1.6550000e+01   8.0000000e+01   2.3499848e+00   8.2074221e+02   7.6808523e+01
   1.6600000e+01   8.0000000e+01   2.3329267e+00   8.1849899e+02   7.6799457e+01
   1.6650000e+01   8.0000000e+01   2.3183211e+00   8.1638762e+02   7.6792864e+01
   1.6700000e+01   8.0000000e+01   2.3107967e+00   8.1440767e+02   7.6793361e+01
   1.6750000e+01   8.0000000e+01   2.3124556e+00   8.1255879e+02   7.6803029e+01
   1.6800000e+01   8.0000000e+01   2.3227634e+00   8.1084070e+02   7.6821310e+01
   1.6850000e+01   8.0000000e+01   2.3391145e+00   8.0925317e+02   7.6845580e+01
   1.6900000e+01   8.0000000e+01   2.3578355e+00   8.0779603e+02   7.6872157e+01
   1.6950000e+01   8.0000000e+01   2.3753070e+00   8.0646911e+02   7.6897418e+01
   1.7000000e+01   8.0000000e+01   2.3888986e+00   8.0527229e+02   7.6918741e+01
   1.7050000e+01   8.0000000e+01   2.3975023e+00   8.0420545e+02   7.6935028e+01
   1.7100000e+01   8.0000000e+01   2.4015836e+00   8.0326846e+02   7.6946759e+01
   1.7150000e+01   8.0000000e+01   2.4028102e+00   8.0246120e+02   7.6955609e+01
   1.7200000e+01   8.0000000e+01   2.4034202e+00   8.0178352e+02   7.6963822e+01
   1.7250000e+01   8.0000000e+01   2.4055391e+00   8.0123527e+02   7.6973522e+01
   1.7300000e+01   8.0000000e+01   2.4106352e+00   8.0081626e+02   7.6986172e+01
   1.7350000e+01   8.0000000e+01   2.4192355e+00   8.0052628e+02   7.7002289e+01
   1.7400000e+01   8.0000000e+01   2.4309362e+00   8.0036507e+02   7.7021463e+01
   1.7450000e+01   8.0000000e+01   2.4446572e+00   8.0033234e+02   7.7042607e+01
   1.7500000e+01   8.0000000e+01   2.4590355e+00   8.0042777e+02   7.7064353e+01
   1.7550000e+01   8.0000000e+01   2.4728304e+00   8.0065097e+02   7.7085463e+01
   1.7600000e+01   8.0000000e+01   2.4852325e+00   8.0100150e+02   7.7105129e+01
   1.7650000e+01   8.0000000e+01   2.4960081e+00   8.0147890e+02   7.7123121e+01
   1.7700000e+01   8.0000000e+01   2.5052980e+00   8.0208262e+02   7.7139584e+01
   1.7750000e+01   8.0000000e+01   2.5136972e+00   8.0281208e+02   7.7155117e+01
   1.7800000e+01   8.0000000e+01   2.5232874e+00   8.0366662e+02   7.7171801e+01
   1.7850000e+01   8.0000000e+01   2.5333678e+00   8.0464553e+02   7.7188933e+01
   1.7900000e+01   8.0000000e+01   2.5445603e+00   8.0574804e+02   7.7207132e+01
   1.7950000e+01   8.0000000e+01   2.5570034e+00   8.0697332e+02   7.7226536e+01
   1.8000000e+01   8.0000000e+01   2.5705017e+00   8.0832048e+02   7.7246945e+01
   1.8050000e+01   8.0000000e+01   2.5846598e+00   8.0978855e+02   7.7267961e+01
   1.8100000e+01   8.0000000e+01   2.5990266e+00   8.1137651e+02   7.7289134e+01
   1.8150000e+01   8.0000000e+01   2.6132249e+00   8.1308327e+02   7.7310086e+01
   1.8200000e+01   8.0000000e+01   2.6268729e+00   8.1490767e+02   7.7330435e+01
   1.8250000e+01   8.0000000e+01   2.6398782e+00   8.1684850e+02   7.7350092e+01
   1.8300000e+01   8.0000000e+01   2.6535498e+00   8.1890448e+02   7.7370364e+01
   1.8350000e+01   8.0000000e+01   2.6668257e+00   8.2107425e+02   7.7390192e+01
   1.8400000e+01   8.0000000e+01   2.6801396e+00   8.2335640e+02   7.7410008e+01
   1.8450000e+01   8.0000000e+01   2.6937507e+00   8.2574945e+02   7.7430071e+01
   1.8500000e+01   8.0000000e+01   2.7077974e+00   8.2825185e+02   7.7450519e+01
   1.8550000e+01   8.0000000e+01   2.7223050e+00   8.3086201e+02   7.7471377e+01
   1.8600000e+01   8.0000000e+01   2.7372039e+00   8.3357824e+02   7.7492573e+01
   1.8650000e+01   8.0000000e+01   2.7520968e+00   8.3639882e+02   7.7513710e+01
   1.8700000e+01   8.0000000e+01   2.7671023e+00   8.3932194e+02   7.7534907e+01
   1.8750000e+01   8.0000000e+01   2.7828821e+00   8.4234577e+02   7.7556824e+01
   1.8800000e+01   8.0000000e+01   2.7982536e+00   8.4546837e+02   7.7578278e+01
   1.8850000e+01   8.0000000e+01   2.8133639e+00   8.4868777e+02   7.7599418e+01
   1.8900000e+01   8.0000000e+01   2.8283068e+00   8.5200195e+02   7.7620339e+01
   1.8950000e+01   8.0000000e+01   2.8431848e+00   8.5540880e+02   7.7641142e+01
   1.9000000e+01   8.0000000e+01   2.8581019e+00   8.5890619e+02   7.7661933e+01
   1.9050000e+01   8.0000000e+01   7.6057690e+00   9.5765449e+02   8.2410710e+01
   1.9100000e+01   8.0000000e+01   1.0000000e+01   1.0474329e+03   8.8244325e+01
   1.9150000e+01   8.0000000e+01   1.0000000e+01   1.1291010e+03   9.1895614e+01
   1.9200000e+01   8.0000000e+01   1.0000000e+01   1.2034362e+03   9.3463123e+01
   1.9250000e+01   8.0000000e+01   1.0000000e+01   1.2711415e+03   9.3522063e+01
   1.9300000e+01   8.0000000e+01   1.0000000e+01   1.3328531e+03   9.2586492e+01
   1.9350000e+01   8.0000000e+01   1.0000000e+01   1.3891460e+03   9.1050359e+01
   1.9400000e+01   8.0000000e+01   1.0000000e+01   1.4405403e+03   8.9194316e+01
   1.9450000e+01   8.0000000e+01   1.0000000e+01   1.4875066e+03   8.7222645e+01
   1.9500000e+01   8.0000000e+01   8.4829145e+00   1.5304700e+03   8.5063519e+01
   1.9550000e+01   8.0000000e+01   6.6665217e+00   1.5698151e+03   8.3236821e+01
   1.9600000e+01   8.0000000e+01   5.2967952e+00   1.6058896e+03   8.1860835e+01
   1.9650000e+01   8.0000000e+01   1.1073003e+00   1.5438452e+03   7.7671420e+01
   1.9700000e+01   8.0000000e+01   0.0000000e+00   1.4881845e+03   7.3827727e+01
   1.9750000e+01   8.0000000e+01   0.0000000e+00   1.4383024e+03   7.1270972e+01
   1.9800000e+01   8.0000000e+01   0.0000000e+00   1.3936511e+03   6.9591493e+01
   1.9850000e+01   8.0000000e+01   0.0000000e+00   1.3537347e+03   6.8609380e+01
   1.9900000e+01   8.0000000e+01   0.0000000e+00   1.3181041e+03   6.8127374e+01
   1.9950000e+01   8.0000000e+01   0.0000000e+00   1.2863528e+03   6.8077140e+01
   2.0000000e+01   8.0000000e+01   0.0000000e+00   1.2581125e+03   6.8371853e+01
   2.0050000e+01   8.0000000e+01   0.0000000e+00   1.2330497e+03   6.8959336e+01
   2.0100000e+01   8.0000000e+01   0.0000000e+00   1.2108623e+03   6.9801096e+01
   2.0150000e+01   8.0000000e+01   0.0000000e+00   1.1912767e+03   7.0868856e+01
   2.0200000e+01   8.0000000e+01   0.0000000e+00   1.1740451e+03   7.2143481e+01
   2.0250000e+01   8.0000000e+01   0.0000000e+00   1.1589427e+03   7.3614428e+01
   2.0300000e+01   8.0000000e+01   1.3312659e+00   1.1457661e+03   7.5321386e+01
   2.0350000e+01   8.0000000e+01   2.9810701e+00   1.1343307e+03   7.6980809e+01
   2.0400000e+01   8.0000000e+01   4.3372124e+00   1.1244694e+03   7.8342761e+01
   2.0450000e+01   8.0000000e+01   5.1674837e+00   1.1160306e+03   7.9176075e+01
   2.0500000e+01   8.0000000e+01   5.3818050e+00   1.1088767e+03   7.9392126e+01
   2.0550000e+01   8.0000000e+01   5.0511498e+00   1.1028830e+03   7.9063364e+01
   2.0600000e+01   8.0000000e+01   4.3668875e+00   1.0979364e+03   7.8382298e+01
   2.0650000e+01   8.0000000e+01   3.5636429e+00   1.0939343e+03   7.7584144e+01
   2.0700000e+01   8.0000000e+01   2.8469333e+00   1.0907834e+03   7.6874446e+01
   2.0750000e+01   8.0000000e+01   2.3522893e+00   1.0883990e+03   7.6388329e+01
   2.0800000e+01   8.0000000e+01   2.1366839e+00   1.0867045e+03   7.6182119e+01
   2.0850000e+01   8.0000000e+01   2.1894899e+00   1.0856298e+03   7.6244491e+01
   2.0900000e+01   8.0000000e+01   2.4511303e+00   1.0851115e+03   7.6515263e+01
   2.0950000e+01   8.0000000e+01   2.8335862e+00   1.0850920e+03   7.6905999e+01
   2.1000000e+01   8.0000000e+01   3.2409288e+00   1.0855187e+03   7.7320593e+01
   2.1050000e+01   8.0000000e+01   3.5888365e+00   1.0863438e+03   7.7674771e+01
   2.1100000e+01   8.0000000e+01   3.8193041e+00   1.0875237e+03   7.7910758e+01
   2.1150000e+01   8.0000000e+01   3.9098228e+00   1.0890190e+03   7.8006377e+01
   2.1200000e+01   8.0000000e+01   3.8727122e+00   1.0907933e+03   7.7974288e+01
   2.1250000e+01   8.0000000e+01   3.7454037e+00   1.0928138e+03   7.7852200e+01
   2.1300000e+01   8.0000000e+01   3.5769602e+00   1.0950503e+03   7.7689340e+01
   2.1350000e+01   8.0000000e+01   3.4145717e+00   1.0974755e+03   7.7532941e+01
   2.1400000e+01   8.0000000e+01   3.2936821e+00   1.1000641e+03   7.7418383e+01
   2.1450000e+01   8.0000000e+01   3.2326982e+00   1.1027932e+03   7.7363943e+01
   2.1500000e+01   8.0000000e+01   3.2337650e+00   1.1056417e+03   7.7371609e+01
   2.1550000e+01   8.0000000e+01   3.2858476e+00   1.1085905e+03   7.7430202e+01
   2.1600000e+01   8.0000000e+01   3.3694644e+00   1.1116218e+03   7.7520138e+01
   2.1650000e+01   8.0000000e+01   3.4628414e+00   1.1147195e+03   7.7619591e+01
   2.1700000e+01   8.0000000e+01   3.5462673e+00   1.1178686e+03   7.7708852e+01
   2.1750000e+01   8.0000000e+01   3.6054838e+00   1.1210554e+03   7.7773706e+01
   2.1800000e+01   8.0000000e+01   3.6354368e+00   1.1242675e+03   7.7809169e+01
   2.1850000e+01   8.0000000e+01   3.6367554e+00   1.1274931e+03   7.7815942e+01
   2.1900000e+01   8.0000000e+01   3.6163606e+00   1.1307215e+03   7.7801011e+01
   2.1950000e+01   8.0000000e+01   3.5833471e+00   1.1339430e+03   7.7773513e+01
   2.2000000e+01   8.0000000e+01   3.5479787e+00   1.1371484e+03   7.7743728e+01
   2.2050000e+01   8.0000000e+01   3.5187253e+00   1.1403291e+03   7.7720121e+01
   2.2100000e+01   8.0000000e+01   3.4996182e+00   1.1434775e+03   7.7706700e+01
   2.2150000e+01   8.0000000e+01   3.4928780e+00   1.1465863e+03   7.7705656e+01
   2.2200000e+01   8.0000000e+01   3.4959001e+00   1.1496488e+03   7.7714355e+01
   2.2250000e+01   8.0000000e+01   3.5055530e+00   1.1526588e+03   7.7729639e+01
   2.2300000e+01   8.0000000e+01   3.5171234e+00   1.1556105e+03   7.7746783e+01
   2.2350000e+01   8.0000000e+01   3.5547768e+00   1.1584984e+03   7.7789969e+01
   2.2400000e+01   8.0000000e+01   3.5824645e+00   1.1613177e+03   7.7823131e+01
   2.2450000e+01   8.0000000e+01   3.5881282e+00   1.1640636e+03   7.7834217e+01
   2.2500000e+01   8.0000000e+01   3.5870104e+00   1.1667319e+03   7.7838496e+01
   2.2550000e+01   8.0000000e+01   3.5797934e+00   1.1693184e+03   7.7836664e+01
   2.2600000e+01   8.0000000e+01   3.5678528e+00   1.1718195e+03   7.7830110e+01
   2.2650000e+01   8.0000000e+01   3.5527199e+00   1.1742316e+03   7.7820369e+01
   2.2700000e+01   8.0000000e+01   3.5355839e+00   1.1765515e+03   7.7808633e+01
   2.2750000e+01   8.0000000e+01   3.5169048e+00   1.1787762e+03   7.7795359e+01
   2.2800000e+01   8.0000000e+01   3.5347667e+00   1.1809027e+03   7.7818655e+01
   2.2850000e+01   8.0000000e+01   3.5454244e+00   1.1829286e+03   7.7834737e+01
   2.2900000e+01   8.0000000e+01   3.5407643e+00   1.1848513e+03   7.7835482e+01
   2.2950000e+01   8.0000000e+01   3.5358769e+00   1.1866686e+03   7.7835988e+01
   2.3000000e+01   8.0000000e+01   3.5294646e+00   1.1883783e+03   7.7834958e+01
   2.3050000e+01   8.0000000e+01   3.5201274e+00   1.1899786e+03   7.7830992e+01
   2.3100000e+01   8.0000000e+01   3.5063904e+00   1.1914677e+03   7.7822615e+01
   2.3150000e+01   8.0000000e+01   3.4866130e+00   1.1928439e+03   7.7808191e+01
   2.3200000e+01   8.0000000e+01   3.5131461e+00   1.1941057e+03   7.7840111e+01
   2.3250000e+01   8.0000000e+01   3.5171375e+00   1.1952517e+03   7.7849478e+01
   2.3300000e+01   8.0000000e+01   3.5051625e+00   1.1962807e+03   7.7842872e+01
   2.3350000e+01   8.0000000e+01   3.4909261e+00   1.1971916e+03   7.7834011e+01
   2.3400000e+01   8.0000000e+01   3.4739242e+00   1.1979834e+03   7.7822391e+01
   2.3450000e+01   8.0000000e+01   3.4531662e+00   1.1986551e+03   7.7807021e+01
   2.3500000e+01   8.0000000e+01   3.4587990e+00   1.1992061e+03   7.7818067e+01
   2.3550000e+01   8.0000000e+01   3.4687320e+00   1.1996356e+03   7.7833424e+01
   2.3600000e+01   8.0000000e+01   3.4572123e+00   1.1999431e+03   7.7827321e+01
   2.3650000e+01   8.0000000e+01   3.4441076e+00   1.2001281e+03   7.7819639e+01
   2.3700000e+01   8.0000000e+01   3.4285971e+00   1.2001903e+03   7.7809558e+01
   2.3750000e+01   8.0000000e+01   3.4095840e+00   1.2001295e+03   7.7795981e+01
   2.3800000e+01   8.0000000e+01   3.3855820e+00   1.1999454e+03   7.7777421e+01
   2.3850000e+01   8.0000000e+01   3.3982098e+00   1.1996380e+03   7.7795529e+01
   2.3900000e+01   8.0000000e+01   3.4031262e+00   1.1992074e+03   7.7805933e+01
   2.3950000e+01   8.0000000e+01   3.3887331e+00   1.1986537e+03   7.7797028e+01
   2.4000000e+01   8.0000000e+01   3.3725230e+00   1.1979770e+03   7.7786319e+01
